0  6.000000
1  3.000000
2  2.000000
3  1.000000
4  2.000000
5  2.000000
6  2.000000
7  1.000000
8  3.000000
9  2.000000
10  2.000000
11  2.000000
12  3.000000
13  2.000000
14  3.000000
15  2.000000
16  2.000000
17  2.000000
18  3.000000
19  4.000000
20  2.000000
21  2.000000
22  4.000000
23  2.000000
24  2.000000
25  2.000000
26  15.000000
27  2.000000
28  3.000000
29  2.000000
30  2.000000
31  2.000000
32  2.000000
33  2.000000
34  2.000000
35  2.000000
36  2.000000
37  2.000000
38  2.000000
39  3.000000
40  3.000000
41  2.000000
42  2.000000
43  3.000000
44  3.000000
45  2.000000
46  3.000000
47  2.000000
48  2.000000
49  2.000000
50  3.000000
51  4.000000
52  22.000000
53  3.000000
54  3.000000
55  3.000000
56  3.000000
57  3.000000
58  2.000000
59  2.000000
60  3.000000
61  3.000000
62  2.000000
63  2.000000
64  3.000000
65  3.000000
66  2.000000
67  3.000000
68  3.000000
69  3.000000
70  3.000000
71  2.000000
72  34.000000
73  3.000000
74  2.000000
75  3.000000
76  3.000000
77  3.000000
78  3.000000
79  3.000000
80  3.000000
81  3.000000
82  6.000000
83  4.000000
84  4.000000
85  3.000000
86  2.000000
87  3.000000
88  3.000000
89  3.000000
90  3.000000
91  4.000000
92  8.000000
93  3.000000
94  6.000000
95  7.000000
96  7.000000
97  7.000000
98  7.000000
99  6.000000
100  7.000000
101  6.000000
102  7.000000
103  7.000000
104  7.000000
105  9.000000
106  7.000000
107  7.000000
108  7.000000
109  6.000000
110  7.000000
111  8.000000
112  7.000000
113  7.000000
114  7.000000
115  6.000000
116  6.000000
117  7.000000
118  10.000000
119  7.000000
120  7.000000
121  8.000000
122  7.000000
123  7.000000
124  7.000000
125  7.000000
126  7.000000
127  8.000000
128  27.000000
129  10.000000
130  8.000000
131  8.000000
132  29.000000
133  8.000000
134  8.000000
135  34.000000
136  28.000000
137  8.000000
138  8.000000
139  22.000000
140  8.000000
141  8.000000
142  7.000000
143  8.000000
144  10.000000
145  7.000000
146  8.000000
147  8.000000
148  8.000000
149  7.000000
150  8.000000
151  8.000000
152  8.000000
153  8.000000
154  50.000000
155  8.000000
156  8.000000
157  8.000000
158  8.000000
159  8.000000
160  7.000000
161  8.000000
162  8.000000
163  7.000000
164  7.000000
165  9.000000
166  8.000000
167  8.000000
168  8.000000
169  24.000000
170  8.000000
171  8.000000
172  33.000000
173  9.000000
174  8.000000
175  8.000000
176  8.000000
177  7.000000
178  8.000000
179  8.000000
180  8.000000
181  10.000000
182  9.000000
183  8.000000
184  8.000000
185  9.000000
186  8.000000
187  5.000000
188  5.000000
189  11.000000
190  9.000000
191  8.000000
192  8.000000
193  9.000000
194  9.000000
195  9.000000
196  25.000000
197  9.000000
198  8.000000
199  9.000000
200  24.000000
201  9.000000
202  11.000000
203  8.000000
204  8.000000
205  9.000000
206  8.000000
207  8.000000
208  8.000000
209  55.000000
210  9.000000
211  9.000000
212  8.000000
213  8.000000
214  8.000000
215  9.000000
216  10.000000
217  8.000000
218  9.000000
219  9.000000
220  8.000000
221  8.000000
222  8.000000
223  11.000000
224  9.000000
225  9.000000
226  9.000000
227  9.000000
228  9.000000
229  11.000000
230  11.000000
231  9.000000
232  10.000000
233  9.000000
234  9.000000
235  8.000000
236  9.000000
237  11.000000
238  9.000000
239  9.000000
240  9.000000
241  9.000000
242  8.000000
243  11.000000
244  9.000000
245  9.000000
246  9.000000
247  9.000000
248  9.000000
249  9.000000
250  12.000000
251  9.000000
252  9.000000
253  9.000000
254  9.000000
255  10.000000
256  13.000000
257  9.000000
258  9.000000
259  9.000000
260  9.000000
261  10.000000
262  10.000000
263  25.000000
264  10.000000
265  24.000000
266  30.000000
267  10.000000
268  10.000000
269  10.000000
270  52.000000
271  11.000000
272  10.000000
273  10.000000
274  10.000000
275  12.000000
276  10.000000
277  10.000000
278  10.000000
279  10.000000
280  13.000000
281  9.000000
282  10.000000
283  9.000000
284  9.000000
285  13.000000
286  10.000000
287  10.000000
288  9.000000
289  10.000000
290  10.000000
291  12.000000
292  9.000000
293  10.000000
294  9.000000
295  10.000000
296  12.000000
297  12.000000
298  7.000000
299  6.000000
300  6.000000
301  7.000000
302  6.000000
303  6.000000
304  6.000000
305  6.000000
306  6.000000
307  8.000000
308  6.000000
309  5.000000
310  6.000000
311  7.000000
312  7.000000
313  6.000000
314  5.000000
315  12.000000
316  7.000000
317  13.000000
318  10.000000
319  12.000000
320  10.000000
321  10.000000
322  15.000000
323  11.000000
324  12.000000
325  14.000000
326  10.000000
327  9.000000
328  10.000000
329  10.000000
330  11.000000
331  11.000000
332  10.000000
333  10.000000
334  11.000000
335  11.000000
336  13.000000
337  11.000000
338  10.000000
339  10.000000
340  13.000000
341  11.000000
342  10.000000
343  10.000000
344  14.000000
345  11.000000
346  11.000000
347  13.000000
348  11.000000
349  15.000000
350  16.000000
351  13.000000
352  11.000000
353  13.000000
354  11.000000
355  12.000000
356  10.000000
357  11.000000
358  11.000000
359  12.000000
360  12.000000
361  10.000000
362  10.000000
363  11.000000
364  11.000000
365  13.000000
366  11.000000
367  11.000000
368  11.000000
369  12.000000
370  11.000000
371  12.000000
372  11.000000
373  13.000000
374  12.000000
375  11.000000
376  11.000000
377  11.000000
378  13.000000
379  12.000000
380  10.000000
381  10.000000
382  14.000000
383  11.000000
384  11.000000
385  11.000000
386  14.000000
387  11.000000
388  39.000000
389  12.000000
390  15.000000
391  12.000000
392  11.000000
393  7.000000
394  9.000000
395  13.000000
396  12.000000
397  11.000000
398  15.000000
399  11.000000
400  11.000000
401  12.000000
402  12.000000
403  13.000000
404  11.000000
405  36.000000
406  16.000000
407  12.000000
408  11.000000
409  47.000000
410  15.000000
411  14.000000
412  13.000000
413  55.000000
414  13.000000
415  15.000000
416  12.000000
417  11.000000
418  17.000000
419  13.000000
420  12.000000
421  13.000000
422  14.000000
423  13.000000
424  14.000000
425  14.000000
426  12.000000
427  12.000000
428  15.000000
429  14.000000
430  12.000000
431  15.000000
432  11.000000
433  11.000000
434  11.000000
435  55.000000
436  13.000000
437  29.000000
438  11.000000
439  11.000000
440  15.000000
441  11.000000
442  13.000000
443  13.000000
444  13.000000
445  16.000000
446  13.000000
447  12.000000
448  17.000000
449  12.000000
450  13.000000
451  13.000000
452  15.000000
453  11.000000
454  12.000000
455  12.000000
456  13.000000
457  13.000000
458  12.000000
459  26.000000
460  13.000000
461  11.000000
462  12.000000
463  15.000000
464  12.000000
465  12.000000
466  21.000000
467  14.000000
468  13.000000
469  16.000000
470  13.000000
471  10.000000
472  14.000000
473  13.000000
474  12.000000
475  14.000000
476  13.000000
477  12.000000
478  13.000000
479  15.000000
480  12.000000
481  12.000000
482  16.000000
483  15.000000
484  12.000000
485  16.000000
486  12.000000
487  12.000000
488  15.000000
489  12.000000
490  12.000000
491  25.000000
492  14.000000
493  12.000000
494  13.000000
495  16.000000
496  16.000000
497  14.000000
498  15.000000
499  13.000000
500  13.000000
501  13.000000
502  15.000000
503  12.000000
504  12.000000
505  16.000000
506  12.000000
507  13.000000
508  15.000000
509  12.000000
510  14.000000
511  28.000000
512  13.000000
513  14.000000
514  12.000000
515  15.000000
516  13.000000
517  12.000000
518  11.000000
519  14.000000
520  11.000000
521  15.000000
522  13.000000
523  17.000000
524  18.000000
525  13.000000
526  16.000000
527  19.000000
528  15.000000
529  15.000000
530  13.000000
531  15.000000
532  15.000000
533  13.000000
534  15.000000
535  18.000000
536  14.000000
537  29.000000
538  17.000000
539  13.000000
540  12.000000
541  15.000000
542  13.000000
543  13.000000
544  16.000000
545  14.000000
546  27.000000
547  17.000000
548  13.000000
549  14.000000
550  17.000000
551  14.000000
552  13.000000
553  40.000000
554  15.000000
555  15.000000
556  16.000000
557  13.000000
558  36.000000
559  16.000000
560  13.000000
561  14.000000
562  16.000000
563  14.000000
564  14.000000
565  17.000000
566  15.000000
567  13.000000
568  17.000000
569  13.000000
570  41.000000
571  14.000000
572  10.000000
573  12.000000
574  15.000000
575  11.000000
576  12.000000
577  11.000000
578  11.000000
579  14.000000
580  10.000000
581  18.000000
582  14.000000
583  14.000000
584  16.000000
585  15.000000
586  15.000000
587  16.000000
588  14.000000
589  14.000000
590  16.000000
591  14.000000
592  13.000000
593  16.000000
594  14.000000
595  19.000000
596  14.000000
597  13.000000
598  17.000000
599  14.000000
600  14.000000
601  17.000000
602  16.000000
603  15.000000
604  17.000000
605  17.000000
606  17.000000
607  15.000000
608  14.000000
609  18.000000
610  14.000000
611  13.000000
612  17.000000
613  14.000000
614  15.000000
615  18.000000
616  15.000000
617  38.000000
618  15.000000
619  17.000000
620  15.000000
621  25.000000
622  32.000000
623  25.000000
624  16.000000
625  17.000000
626  16.000000
627  16.000000
628  17.000000
629  14.000000
630  15.000000
631  17.000000
632  14.000000
633  14.000000
634  17.000000
635  39.000000
636  17.000000
637  15.000000
638  15.000000
639  17.000000
640  15.000000
641  16.000000
642  18.000000
643  14.000000
644  19.000000
645  14.000000
646  17.000000
647  17.000000
648  16.000000
649  19.000000
650  15.000000
651  14.000000
652  16.000000
653  17.000000
654  18.000000
655  16.000000
656  37.000000
657  18.000000
658  15.000000
659  19.000000
660  14.000000
661  15.000000
662  18.000000
663  15.000000
664  24.000000
665  17.000000
666  34.000000
667  17.000000
668  14.000000
669  18.000000
670  15.000000
671  16.000000
672  17.000000
673  15.000000
674  18.000000
675  15.000000
676  16.000000
677  16.000000
678  14.000000
679  18.000000
680  15.000000
681  15.000000
682  17.000000
683  17.000000
684  18.000000
685  31.000000
686  15.000000
687  13.000000
688  16.000000
689  34.000000
690  17.000000
691  18.000000
692  16.000000
693  17.000000
694  16.000000
695  16.000000
696  19.000000
697  17.000000
698  21.000000
699  17.000000
700  21.000000
701  15.000000
702  17.000000
703  17.000000
704  17.000000
705  21.000000
706  16.000000
707  14.000000
708  18.000000
709  19.000000
710  17.000000
711  21.000000
712  17.000000
713  15.000000
714  18.000000
715  19.000000
716  19.000000
717  15.000000
718  18.000000
719  17.000000
720  17.000000
721  18.000000
722  15.000000
723  18.000000
724  16.000000
725  20.000000
726  17.000000
727  16.000000
728  18.000000
729  15.000000
730  19.000000
731  16.000000
732  19.000000
733  39.000000
734  32.000000
735  15.000000
736  17.000000
737  18.000000
738  16.000000
739  18.000000
740  16.000000
741  19.000000
742  17.000000
743  18.000000
744  26.000000
745  16.000000
746  50.000000
747  19.000000
748  19.000000
749  17.000000
750  18.000000
751  42.000000
752  18.000000
753  15.000000
754  20.000000
755  17.000000
756  28.000000
757  18.000000
758  19.000000
759  19.000000
760  34.000000
761  19.000000
762  17.000000
763  19.000000
764  16.000000
765  17.000000
766  17.000000
767  25.000000
768  18.000000
769  50.000000
770  18.000000
771  32.000000
772  16.000000
773  18.000000
774  18.000000
775  17.000000
776  20.000000
777  17.000000
778  18.000000
779  17.000000
780  21.000000
781  18.000000
782  22.000000
783  17.000000
784  17.000000
785  18.000000
786  16.000000
787  18.000000
788  31.000000
789  18.000000
790  17.000000
791  19.000000
792  18.000000
793  20.000000
794  18.000000
795  20.000000
796  16.000000
797  19.000000
798  16.000000
799  23.000000
800  17.000000
801  23.000000
802  18.000000
803  19.000000
804  19.000000
805  30.000000
806  18.000000
807  17.000000
808  20.000000
809  16.000000
810  20.000000
811  35.000000
812  18.000000
813  18.000000
814  21.000000
815  17.000000
816  19.000000
817  16.000000
818  31.000000
819  20.000000
820  21.000000
821  19.000000
822  21.000000
823  18.000000
824  15.000000
825  18.000000
826  20.000000
827  18.000000
828  21.000000
829  49.000000
830  19.000000
831  14.000000
832  20.000000
833  19.000000
834  21.000000
835  17.000000
836  20.000000
837  42.000000
838  22.000000
839  30.000000
840  18.000000
841  21.000000
842  19.000000
843  21.000000
844  17.000000
845  18.000000
846  15.000000
847  16.000000
848  14.000000
849  15.000000
850  14.000000
851  25.000000
852  40.000000
853  22.000000
854  19.000000
855  22.000000
856  18.000000
857  22.000000
858  18.000000
859  20.000000
860  17.000000
861  19.000000
862  18.000000
863  20.000000
864  20.000000
865  20.000000
866  19.000000
867  21.000000
868  41.000000
869  21.000000
870  42.000000
871  20.000000
872  21.000000
873  18.000000
874  22.000000
875  18.000000
876  21.000000
877  21.000000
878  20.000000
879  18.000000
880  20.000000
881  21.000000
882  20.000000
883  31.000000
884  53.000000
885  20.000000
886  22.000000
887  36.000000
888  21.000000
889  46.000000
890  21.000000
891  23.000000
892  18.000000
893  23.000000
894  20.000000
895  24.000000
896  19.000000
897  40.000000
898  21.000000
899  21.000000
900  23.000000
901  20.000000
902  21.000000
903  19.000000
904  20.000000
905  42.000000
906  20.000000
907  23.000000
908  22.000000
909  18.000000
910  24.000000
911  24.000000
912  24.000000
913  22.000000
914  18.000000
915  21.000000
916  18.000000
917  24.000000
918  21.000000
919  22.000000
920  44.000000
921  22.000000
922  24.000000
923  19.000000
924  21.000000
925  18.000000
926  23.000000
927  42.000000
928  21.000000
929  34.000000
930  20.000000
931  22.000000
932  19.000000
933  22.000000
934  20.000000
935  21.000000
936  20.000000
937  22.000000
938  28.000000
939  20.000000
940  23.000000
941  21.000000
942  21.000000
943  34.000000
944  46.000000
945  27.000000
946  23.000000
947  19.000000
948  23.000000
949  20.000000
950  21.000000
951  22.000000
952  48.000000
953  23.000000
954  18.000000
955  23.000000
956  21.000000
957  24.000000
958  21.000000
959  23.000000
960  22.000000
961  18.000000
962  22.000000
963  20.000000
964  22.000000
965  20.000000
966  26.000000
967  25.000000
968  21.000000
969  26.000000
970  45.000000
971  27.000000
972  22.000000
973  22.000000
974  22.000000
975  32.000000
976  40.000000
977  21.000000
978  19.000000
979  26.000000
980  19.000000
981  23.000000
982  22.000000
983  22.000000
984  24.000000
985  19.000000
986  26.000000
987  23.000000
988  26.000000
989  23.000000
990  18.000000
991  16.000000
992  25.000000
993  25.000000
994  23.000000
995  19.000000
996  23.000000
997  26.000000
998  19.000000
999  29.000000
